8
9
11
28
59
79
92
95
102
108
115
135
137
142
143
147
153
164
178
188
190
211
219
220
221
226
227
231
233
238
241
289
294
296
302
304
314
322
333
348
352
371
378
381
396
420
427
452
454
461
475
493
500
501
515
583
595
648
671
686
693
696
697
699
705
712
719
733
748
750
752
759
760
765
771
797
804
812
829
835
836
853
854
859
865
871
891
893
902
935
939
975
978
982
96
56
516
324
484
959
770
717
268
635
981
100
321
623
205
184
192
881
55
800
109
23
166
103
739
694
13
187
614
801
266
954
570
723
340
82
585
985
863
399
920
476
34
866
990
250
855
654
194
68
580
670
291
60
783
391
128
889
941
465
470
492
47
375
792
642
350
42
641
720
414
732
734
502
592
926
325
590
742
839
929
245
460
224
876
455
45
562
605
877
37
652
276
729
170
48
843
173
53
362
523
473
766
906
850
937
467
784
857
535
821
803
267
5
286
565
542
963
915
3
158
46
624
517
856
104
383
471
257
243
543
560
825
747
6
962
867
669
357
913
244
466
123
582
695
133
449
864
384
323
762
300
338
397
849
757
419
73
621
422
524
550
507
113
656
29
919
544
145
980
349
106
646
781
264
71
992
506
541
255
879
700
527
609
208
637
197
598
319
395
57
494
763
387
263
217
903
986
312
75
